7844
1764
9525
8260
4552
12327
5185
10297
13332
1436
14929
9206
15050
14464
13376
2046
11746
15973
9112
6029
11582
14855
3027
3706
4318
5536
1330
15980
8639
6036
8429
6015
7643
3885
6365
14358
8928
2802
9612
4399
7774
15471
7160
6400
11272
10485
6926
2217
8148
3010
9594
4969
837
2427
2908
12892
5438
3913
1951
7914
1882
13649
14830
4057
5716
14202
14894
15846
3206
5995
895
11109
77
3618
6848
9738
9695
14319
9740
11714
4515
2002
15446
645
11130
6034
5839
14980
7297
9201
8363
1408
2620
8554
10913
9742
6436
15751
12703
4606
2063
6807
15469
2942
7034
6712
3576
9657
10442
5326
13440
11065
841
5630
6828
2727
6125
10292
1983
12841
14754
1769
4139
9712
7632
15438
13787
8455
10028
15393
7461
14172
14457
381
13617
13635
12589
15366
1183
11967
552
2454
8359
2972
5857
1925
5146
1481
6092
6241
6651
8473
13012
5926
2150
15639
428
5441
13479
7118
11146
13147
7284
10869
15650
8524
3696
1567
15923
4348
3794
10283
14831
8180
15016
10932
14230
11752
2520
14526
6838
10281
13037
15013
1056
1574
10946
5498
4868
10670
6487
3982
6909
9610
1392
3378
2397
6526
13051
10806
6233
7817
14213
13260
6729
14402
10139
237
10944
4080
15873
8422
8867
10927
11051
2769
1455
14154
3987
13285
1625
3137
7036
870
11751
11524
10116
9749
2478
5821
8723
7020
3856
1131
8257
1335
13430
7270
14777
3091
14418
2345
4939
7738
13271
2214
4207
9048
10310
1776
5507
15838
9145
14088
5287
7648
64
4282
10614
14296
6655
6931
2466
11784
12141
8772
13278
13482
11278
14917
4595
1395
5032
8477
3680
7110
6437
15270
2742
10471
4025
765
14235
10474
4693
2850
7704
11134
9022
7049
7615
464
7143
10362
674
966
5376
11666
2624
13256
6246
13563
13101
1296
13497
2410
12936
7153
5059
3236
6145
13967
5277
1243
14375
3533
4847
12647
5875
6799
8836
14332
7987
7984
2421
7424
8164
11305
9511
4925
10674
12888
15775
15588
9992
14248
12101
10810
3182
2072
9262
8548
1456
11347
1321
8330
697
12790
5975
9709
6744
2728
15569
14021
8654
9533
15309
5079
289
14447
8834
3189
11636
8068
2909
14162
6961
1943
14600
5097
4192
14352
9032
2014
12869
13891
8481
13991
13715
187
8565
15947
4785
9178
3407
1341
4872
9090
9264
12951
13935
9450
6761
4277
10660
13704
14159
3394
15044
11034
6577
2695
12312
279
13697
10892
3166
7111
7646
6741
3513
3306
9499
13268
8119
8452
3526
8934
13800
5862
8149
9265
5347
1390
5925
5463
5758
4948
4227
5398
11878
2339
14619
12528
6537
3941
2219
13457
1457
265
4924
11280
53
7380
8815
11525
12510
8538
9335
5014
5853
8222
11725
6706
6494
15728
4643
6758
6305
11786
1772
14070
13573
13960
11724
11244
15937
10736
6196
12313
10934
1370
3036
6956
8276
4896
382
10794
761
8556
4756
1059
1934
2902
5256
9755
9474
14775
9502
1651
8216
5109
7464
7199
2013
8623
458
3786
2039
13409
8000
12237
7746
15986
13056
12691
40
12796
15405
12427
4956
2871
9493
2764
8899
13412
2269
14231
1467
10872
7329
6491
4573
12384
290
4814
13088
4882
14136
1165
11977
6126
15132
606
8030
12316
6785
7009
6942
13253
5445
6446
2159
4036
6789
12394
10110
1848
13111
561
1324
8120
9244
12156
3096
8387
12320
91
7941
7879
7169
2376
9894
10402
14569
6073
14183
9771
13653
14797
7489
681
15019
2134
4647
14642
11424
4028
3072
10679
474
13736
8653
14930
1129
542
10102
7895
6928
3773
1837
10058
10026
8023
6465
7379
1734
11833
5312
5704
3724
8444
5869
1346
15943
443
12143
2714
12795
11216
1092
15735
5469
11396
11166
13362
38
14572
1680
1387
4714
2979
13654
2141
11489
5046
9094
3764
6224
11953
2516
5264
10150
6261
12757
3128
11756
4131
5253
3891
3267
1923
4578
4736
12367
2361
4498
2438
10678
7218
12540
10405
3141
406
7515
2341
9946
7056
3976
2295
12829
8433
9461
6481
3861
11309
15014
3365
11123
12960
6977
8552
5775
12786
5935
2566
2633
6875
1164
15628
12167
3383
8712
11267
11264
11709
6658
13311
4893
8500
7687
7315
3102
2617
15526
14187
8085
8501
10887
6285
12164
196
13171
10347
2221
11545
1399
9138
15902
527
11973
10732
10311
10870
5622
5056
5987
11232
3131
7425
13545
3584
1903
14069
12135
3528
7215
7973
13822
5270
9065
2136
8707
9675
4849
8421
80
7890
9763
7904
9213
8449
12607
7957
9641
14764
10611
10415
3119
5520
4187
3498
13128
4870
8843
4892
8863
9670
8361
6948
11892
2912
9649
9590
1433
7208
6888
2168
15958
13113
5361
14897
3930
7690
4979
1055
7339
15843
9374
9383
3539
10187
15053
9720
9388
4406
8862
14455
817
13467
15185
2614
14753
8715
15146
4930
10398
13785
1188
10111
7267
8418
8301
8685
8770
8492
13270
2720
4778
14399
5796
14205
8760
215
5390
2497
5221
14520
3086
8463
11183
13973
7209
11640
4772
9565
9205
2342
37
13866
1080
12215
15353
3479
11715
1901
10196
8520
13079
14367
14660
12980
13814
5643
15896
12026
1345
6866
15487
10776
6536
15601
5588
7659
13486
15654
13504
9872
4970
10522
5204
3745
15993
8088
5828
8586
9296
13928
13983
14386
12098
10699
15169
2097
15289
9714
11373
754
6814
13710
5004
3890
11648
7972
11814
4715
5787
1247
396
12034
6539
2528
11583
5057
5044
175
4017
15634
584
5611
8986
15695
5504
222
3359
15503
2649
9356
6810
8106
13060
4158
5329
8857
4701
1319
10561
14270
5649
3243
3535
4605
11618
1874
8710
13074
14442
7546
4165
11326
4181
12889
8763
9442
7545
6384
423
865
15443
12750
11226
13491
14110
1863
6412
1498
13686
11413
1697
8761
9990
5158
2201
12638
3320
1037
2197
10921
2590
4212
1728
6066
15607
10466
5870
1584
11546
127
9298
5597
5493
5571
9439
9984
315
13524
14759
8485
2598
13940
8495
478
3030
15999
2099
6288
12270
12140
15465
5212
7349
9225
12281
1013
10166
10269
9231
9660
1664
4993
11445
14652
11175
5526
9500
1616
5904
1453
14174
9879
11922
5633
10223
11767
11886
15666
10296
7333
13117
652
15978
14272
6405
6315
14635
9393
679
15680
4316
13778
3895
7108
13166
7772
2817
2888
15496
15281
13818
14388
4051
5970
15927
240
2194
2605
5473
120
206
12137
15939
15079
3429
3563
12419
14913
15204
7363
10512
11179
1428
15193
7950
2890
6727
15391
12746
13886
13055
14171
11177
7213
6232
1505
2690
5678
3648
3144
6697
7678
12870
13227
3078
1497
1690
11874
3577
3412
13232
10003
13036
194
189
2628
2100
5556
15042
9583
15564
12518
2595
6048
976
14303
825
4171
6663
10891
2992
1151
812
12797
10129
9173
15797
3551
14275
1254
2075
9336
4053
9591
12537
5990
6973
5510
14688
7966
5315
10419
1809
14179
10998
14412
5728
2938
1852
8169
6490
6766
1917
4437
14793
12442
5047
2608
9066
3220
13420
3598
12823
2267
3294
5009
8610
13744
7254
10885
13028
12112
3546
8947
5648
6044
2226
12220
15486
576
8154
7374
11627
4081
5820
9361
8855
3710
1661
2202
15673
9182
15319
3093
7391
9133
4395
10633
10756
7667
15034
599
7976
15894
2065
11073
11775
9129
7019
15608
10748
2069
6975
2524
1105
1327
8160
6069
2747
5424
15401
3559
11238
2434
9874
11147
12100
12940
4720
4026
2166
7998
7144
12681
1706
7278
1214
9237
11294
3248
15321
1940
5175
4938
14821
9036
14395
7285
7280
1495
2611
13472
3880
15057
8049
10447
11607
12121
12106
1641
9944
15732
4103
2564
11981
6806
14623
2625
866
6594
2800
2213
8274
13683
6345
13972
7785
11660
15476
225
2781
4555
6998
9631
1367
88
4834
15385
11540
2761
8597
11754
11871
8945
6323
13655
10238
5982
3043
12444
9332
13817
13764
835
11882
9669
5007
9907
392
13638
2400
13413
9448
6590
6469
2976
8191
12040
10239
5278
574
15715
8758
2982
1180
14100
6000
5199
13135
1437
12413
12738
5708
13897
8244
9627
15710
1062
486
4097
15484
10521
9603
3158
4205
15225
6143
11502
12636
8108
12820
2290
302
2945
6707
5466
2865
14795
11234
358
2318
1462
5257
4213
10606
6983
15769
13757
15222
6374
14523
6750
11436
4253
6327
1850
5341
7749
2139
9606
14177
3454
4670
12001
13551
11611
3170
9371
9485
5152
4663
3529
5242
9459
12721
13057
13229
12117
5748
10788
1783
12064
3848
2999
11935
14216
5762
9465
7924
8884
12397
11105
8997
4078
2735
30
14290
14961
6332
8722
6088
8946
1458
12314
3818
2250
8158
12762
563
13214
5301
3112
12876
9741
13921
10323
13813
4641
3053
13829
10745
5397
3989
7055
9082
15757
15524
15935
8272
6963
8390
11955
8674
15946
9024
14881
6703
4435
9913
7016
14394
4484
14938
10165
6204
11126
6328
10275
6012
13090
15523
449
13387
11446
11912
4323
5401
15429
12054
546
531
6011
6856
5626
4468
3889
12063
2574
9365
9350
5071
13844
10812
3457
4118
6347
6995
15363
10622
7299
10686
15115
3247
2443
3823
13660
7518
9931
14104
4706
15670
5366
11722
272
5671
2496
8079
13675
8785
15955
13737
2750
13861
785
11894
15440
4538
12357
3829
2456
4280
4535
3321
10996
4501
5577
7616
15529
4973
13597
14072
10446
12842
1573
446
8213
1610
357
10367
9453
5616
1675
3950
14322
6889
15140
7392
11144
5010
3556
13841
6121
10771
15160
13331
4046
3578
2921
6796
8649
6940
8880
14046
6574
11969
12575
12222
15836
4216
3708
14355
1679
1369
6558
2104
7473
1739
1048
15854
10798
12204
14468
6615
3290
3396
12965
11018
5631
2151
15326
10839
7521
721
10209
14630
1808
8622
15489
830
11740
14338
11639
28
8093
15373
15565
7611
14493
50
2765
291
9445
707
11645
861
1652
7799
2374
13630
13442
4061
580
4405
7784
13985
14252
8181
14648
3143
7053
2950
10018
12635
10560
2586
2916
10649
10604
4510
14165
1417
13611
9523
9292
8795
889
13670
7603
10375
12800
2120
418
7804
10925
6562
3192
11959
10952
9719
14692
12103
5090
277
1289
4018
9650
7035
1932
4960
8587
9938
13125
7990
1134
1717
13155
13245
11330
13904
1827
1656
15678
4373
4570
13579
14816
10777
11345
1419
10824
2460
3993
7910
5265
4904
5183
12306
9900
12749
8178
15933
12687
12736
7405
15049
12658
6307
14969
9229
2338
9671
13657
9811
3596
5782
12432
7107
2876
14731
9267
10349
1050
6890
6584
15585
10345
5465
14049
8551
6705
14803
1747
10329
12175
7921
5660
15359
12676
11268
7059
12778
1400
9062
8717
1506
9997
2647
8888
12741
8467
581
13301
12333
7438
6643
4286
2380
2430
10704
8523
4262
7624
15598
1632
11615
11598
8544
1509
1630
8157
8635
10073
7200
13970
1777
1310
9275
12253
14450
565
9699
11668
868
7613
1949
7695
3451
15976
794
13992
12514
3199
6101
2122
806
8950
13747
10152
12519
6721
7259
6370
9566
13583
5654
2033
11771
3433
5383
3877
13745
6825
10374
8396
2204
12085
4393
2729
1935
12387
14752
4238
2127
13854
9764
12816
4058
413
6874
14977
7975
9868
4612
12932
11951
747
1685
13052
7428
14196
7404
4452
6783
12634
12415
10815
15463
11532
6683
5338
9122
2131
1099
10831
6128
2358
7795
11791
2239
4426
2618
4889
4517
11800
11395
6827
14590
146
2455
3254
4934
15187
9592
1179
9156
2261
12907
11136
2591
1802
8240
15825
5513
6911
1024
9248
1730
4974
13905
13990
6627
15866
6808
12011
888
4568
2550
612
14281
13042
2058
11172
14757
7257
9424
5696
5886
9017
14591
10730
12549
15070
6784
426
577
12243
353
15464
4241
792
8701
14169
12347
5274
5695
15272
15253
7290
5008
6154
11593
8374
7094
360
8999
9093
14176
12988
11675
15239
13006
11054
6409
11247
4404
4809
12377
13068
4914
243
11140
3325
3620
10682
13706
4867
3726
2473
14474
5314
8762
15196
4333
13867
5806
1580
6161
2741
14950
8907
13510
1569
2513
3636
11957
2569
6449
10039
11016
5480
12879
2281
9414
2571
13532
6394
13343
4692
568
11
860
9871
3669
10030
12058
5122
3056
11184
3361
1414
12265
821
13521
11332
3356
11838
9541
13261
10416
6735
11222
4432
6913
9202
9038
9208
7673
8141
9481
2030
14209
2304
8184
14163
8713
12043
2653
14137
15788
12134
11364
6193
11219
229
1493
15759
69
2845
1904
7032
10924
11400
11442
15783
328
4102
6619
822
762
3957
13681
690
648
8357
2360
14899
12621
7070
5525
2795
15352
15330
8817
6581
8205
7173
1626
10917
12689
13699
9854
9960
12906
13631
7514
3610
6372
12336
8188
2229
11745
12425
9334
13522
7393
13122
4294
1560
591
4683
6227
9030
422
14655
12315
15302
3686
6079
2949
9662
6613
1259
268
2652
2878
14584
755
9734
10091
14342
15829
15758
13437
14039
9842
3835
13832
14988
8525
4408
11249
10032
3626
497
10079
13588
10252
10188
8973
2016
11164
8039
11350
2363
661
1791
13926
13218
11553
241
7356
12998
5539
9748
3601
15719
15163
3771
7275
11197
13751
4179
11519
8575
1887
4130
14339
1515
1265
5
14663
12261
1332
1149
5033
5706
12464
393
11387
14811
11269
5812
6177
593
182
13333
9344
6180
8202
15
3291
3994
2181
12180
318
13791
5039
11382
13865
1009
2080
2981
2509
10065
15417
14007
10746
3910
8727
6300
13025
1034
6606
5251
814
4167
3779
1594
4646
6346
8689
8048
4945
7255
9672
14539
6253
7933
9587
8555
4003
1948
6483
8672
14384
298
6902
720
3810
1765
2294
11592
7583
1914
12007
3960
11584
4292
11019
15325
9917
5647
3732
8647
834
8830
1841
1762
13608
12102
1592
3022
775
3113
13975
14971
961
14004
3508
3522
2179
15672
6996
13030
4520
6772
15709
988
6724
3304
6356
13605
13845
8104
13186
12793
3697
10676
9757
9867
3201
10327
7469
1715
15737
6726
12343
10890
13248
5951
6238
8345
124
3495
2519
12937
15638
2767
10916
6566
2037
11730
6302
8047
13224
4764
1958
12144
1740
7228
2252
14597
5156
12334
15603
3840
13481
7840
15820
7662
8262
7893
13568
12127
6937
3406
7999
7174
12
1966
8334
3351
9595
1097
5170
9969
1133
3871
7125
7766
12580
15403
2522
4754
2787
14824
5726
3785
11895
8044
6498
14842
8281
12148
15191
13217
6249
14896
9710
2593
3466
11634
9780
15264
8626
14788
5666
14746
1318
15313
10258
7800
3550
2192
6231
11064
11736
403
10433
6270
13144
9577
8904
6222
7570
2771
13722
2805
2317
15442
4833
7024
9477
11944
13364
5121
1615
9789
7609
10668
12659
15539
5285
958
7410
5562
4850
15932
12246
197
341
7945
6567
3448
9053
1553
1893
14330
5670
7136
13613
3446
10662
15624
6435
8313
9697
13293
9601
2064
10495
15420
10983
849
13093
13319
9816
5733
10395
4782
5690
1110
6375
7000
11257
8929
14678
8005
7868
14733
15662
923
445
15005
2488
915
6746
12726
10256
12643
3284
9070
3520
12362
10585
3202
1427
12779
5497
6716
9711
5847
7942
7416
13939
7886
15844
8721
4620
11321
7433
14201
14902
15610
3169
9918
8470
1678
15244
3613
15400
7644
14792
3656
2387
4175
12439
3883
13458
8505
15566
14646
12614
10799
11822
14356
15268
15296
2062
117
1906
7586
9895
883
2575
12742
6010
15635
10941
3842
5655
10947
12927
492
5416
11485
867
14563
5722
5426
3825
2990
14901
366
15668
5752
12938
13666
11252
11930
499
10759
3026
13291
4044
13593
3218
7588
3480
3381
14143
9451
9713
1689
8901
4272
840
12201
13289
14740
14829
13768
9532
15226
8813
15810
6037
1322
1019
1491
11713
15517
2927
3148
15155
10760
13535
14473
14781
14534
6988
9077
8090
11397
14139
14615
1255
10330
3106
12272
5605
620
7429
462
13063
1172
4155
2266
9637
2923
8029
2289
8577
10101
11604
13956
9470
12978
10436
9159
11120
9658
7698
4172
6191
3912
11695
1673
10770
14234
1975
13875
5992
14999
1174
4696
3180
7869
8311
1447
619
8965
3795
10848
600
6815
4132
5411
11755
14532
3821
10476
12212
12773
14784
226
12693
15519
11884
9628
9943
9630
13391
9141
3029
10842
7978
4679
11696
8388
13808
3245
2978
5105
12225
5236
3385
2089
5714
6751
3931
11596
10061
685
586
15630
1072
12682
15698
8110
14092
15006
11484
12991
11803
14140
2001
12632
4364
5017
6335
2258
967
993
4698
14111
3534
14258
4313
8513
8128
11047
10146
11744
2816
1015
2023
6005
920
5479
3688
1527
12728
13475
14891
8829
9272
10204
905
6629
14328
14525
7065
12675
11062
12056
10124
2445
13002
7529
2943
735
4807
14984
7734
777
1583
11720
5918
15127
14254
11004
12041
14932
4220
11390
2319
3173
12478
9222
11190
11669
1512
9407
12401
11950
12867
15512
2861
4442
6146
8398
10744
1454
9866
3311
10789
3867
59
11685
12654
6385
6171
4136
14947
10715
6559
740
4365
726
3588
2156
6718
15716
7191
2412
12838
13423
15914
632
8038
10856
8186
8983
1340
12930
9086
8437
5584
9162
6439
9818
3915
11690
10559
3336
5549
4732
5300
12475
14551
9234
6318
1141
3157
2343
8250
10898
3920
11844
9118
13769
11486
5923
15641
9377
8878
8009
11351
12799
15839
3042
13381
12310
15953
6151
8824
7775
15490
10978
15543
12739
15194
13426
5905
5922
3657
14
13945
6424
5841
12559
13455
7119
5566
5227
9839
12116
5760
14383
6070
3209
13561
5261
10423
4559
14682
3652
7679
5551
13411
15576
2792
15454
9437
8837
10637
4883
12834
498
5534
2711
15267
3075
10309
1552
8310
482
859
3390
8026
15609
12378
12300
9528
10109
10312
257
3090
5637
7894
10631
10168
11637
4636
10242
8064
10160
10747
12005
15944
1020
1725
15317
5711
4221
11076
964
2070
10050
355
6535
2840
12364
13489
3372
10022
4314
3515
10348
3746
8333
285
8237
2354
11498
2706
463
8490
15652
9911
12187
2796
4453
3629
13494
5339
12984
5664
14878
210
7807
4317
11462
11708
4341
12458
14487
14545
13207
4544
10106
10157
6478
51
2717
14390
1731
3905
15276
12572
185
3297
10960
10829
8299
10162
15864
15622
9598
14631
5594
9705
9345
11889
15770
13758
2417
1578
4665
14336
11556
15342
6709
9964
5766
5116
1021
8176
7964
2144
6821
3606
14649
15083
6074
169
6620
10089
4989
11732
5238
13942
7571
5263
13772
15246
11890
13071
15090
8826
1069
142
6291
12176
15724
60
12851
8127
13936
3364
3023
8784
3663
1079
2203
11454
9457
14484
11514
7636
9326
2505
7206
8021
3221
14745
885
14704
3210
4478
4203
11569
6212
7536
11406
2280
582
2113
8691
5384
11653
7095
4307
7763
14345
2335
13384
15744
8820
6962
4592
2164
6168
3283
4195
3646
4149
3441
8017
2954
8346
8766
2685
7064
12219
3103
10318
8839
10816
12399
9278
13284
14910
15411
5885
13507
3191
9848
12317
15055
5193
12496
971
13100
4230
12423
8309
3040
10779
327
308
1018
4013
683
8941
8892
12802
1109
5957
3300
3264
9509
4273
4919
12483
7201
15233
14506
12702
11448
15597
11887
7204
3958
5206
9148
12375
1251
12038
4947
3
2910
1386
11102
6294
935
6133
13468
8278
11403
8457
3280
1393
6162
4122
10142
4134
6953
1308
4031
4738
11536
14087
7178
14099
12711
2585
12251
2745
12131
10595
7668
5063
9153
3834
9476
3331
7876
11072
10206
2914
13708
13786
3055
10132
14459
7412
2809
5679
13599
13761
14713
4240
15433
8827
10701
10016
965
15996
6454
11551
2198
5224
10500
8086
8903
9204
2061
14301
548
3346
11422
12785
14294
10705
15003
11491
8821
9035
13234
4349
10923
752
13329
5948
14451
10085
7367
6952
15462
14439
5698
10536
3214
11591
1162
1238
13266
3699
1357
636
10564
3846
6039
4107
8117
13587
8764
6742
14900
10949
2167
3329
3115
1987
6656
14310
4685
7939
15813
9291
15069
1859
10316
14865
10371
2284
6445
698
13824
7292
7442
1231
8040
1815
3955
14862
8332
1011
10645
12581
10177
1271
2849
4966
1504
8324
15528
7994
2839
3255
14351
13339
15332
14742
3052
5131
3632
12004
3781
15292
6341
12177
3016
10933
7263
4952
7718
4093
48
4634
5777
1077
1752
713
10750
8168
4859
4875
12507
3816
12060
8092
3487
14148
4534
7069
5149
14278
3517
15971
3922
12997
9924
6430
301
15026
8479
3701
10444
7287
5137
2220
14168
14530
13884
3664
4879
1244
8905
7992
12326
13400
5895
11872
12516
13678
11936
15216
11869
15664
8360
4577
534
11947
12033
8055
8364
12279
4984
13997
4143
4343
4959
12830
7539
14975
8287
459
6781
10501
6124
4828
8634
3181
6759
12335
11059
12917
4860
10865
2296
14024
13763
9855
10567
14101
1230
5106
2970
4550
5816
11006
9230
571
2278
3197
5615
3339
9679
2596
12685
5180
3604
6936
3709
6878
5684
2646
398
7007
14987
4724
9498
11275
4940
8056
10689
13616
2686
10957
5612
3949
7565
5662
1920
6021
13717
12217
4211
14705
1729
14348
3349
3484
816
6357
1819
4312
10145
8195
7193
7316
10092
10918
10626
421
4516
12267
3152
11266
7274
10234
7431
3490
5506
12966
15663
6876
1831
9974
2708
10054
10627
3956
9108
6080
9758
13313
15235
8609
1806
12353
809
6843
3342
14250
14847
7076
12848
6187
1095
2584
2038
11426
10769
9886
15392
1235
15627
2138
15884
4571
2243
2367
4474
14544
13388
4540
5929
15832
14978
4488
9570
15211
3936
9287
10855
588
2351
7782
1582
164
10937
14077
9078
4734
10328
1804
5759
9462
8496
11846
3240
4728
15337
3537
2616
3826
1986
629
6031
8900
5583
9721
4908
15931
11063
9626
11824
9029
3675
7265
5593
6284
12457
4729
10720
10068
15690
614
26
7905
7730
7822
10181
892
6301
5822
10243
1150
12147
11891
3392
654
1634
1684
149
12087
14131
3070
10114
13451
15787
8131
10271
1763
3071
6944
14771
6319
12833
4077
9527
15855
4808
11311
14323
1637
12019
5336
11787
4783
14963
15341
1566
8211
13843
11029
7348
3996
4495
2971
11148
2677
15908
5272
2573
5167
5442
12903
6368
3730
5656
4252
23
11916
8803
10581
7589
4905
1700
11673
6019
11233
4397
276
239
14636
13127
11204
7343
10709
11982
9545
5721
15285
10125
3590
11899
8094
12285
9405
2672
4804
2724
8787
10739
2551
1838
9447
13398
14512
8439
1784
2337
15143
9884
9282
7771
5710
688
13794
3775
15611
9824
8661
4628
14799
4780
1973
1614
5568
3881
11710
1761
1663
15956
7135
10711
7326
11823
5543
1900
9224
261
288
12526
7523
7491
9882
7028
13264
13276
5590
8315
11089
6763
1643
4308
6418
12255
10524
2381
3033
1881
1301
1974
714
2669
2825
2245
5168
10866
7352
11667
2022
8891
1360
12970
13390
1732
2898
12921
14031
2570
13453
7238
8726
15452
2859
2533
4574
8580
12775
14531
7642
4753
9410
14098
2864
8368
728
3859
15691
12701
12886
10250
13762
436
9002
14972
9019
2958
7330
7384
7057
8291
2071
10350
6990
12877
5558
11941
13032
8521
14128
4614
14274
8283
662
11635
15102
9215
4962
8881
7621
14259
3044
12093
4586
520
5477
14820
12704
15386
11206
10656
9881
15449
511
10090
9119
4490
12084
13846
6805
7631
2301
7821
8746
13456
36
13547
803
11119
15240
10100
304
6410
420
12722
2926
4761
12307
13870
3814
4999
9100
6732
12656
9580
11712
27
11818
11549
13958
14882
8115
5845
8982
6979
15620
7217
3582
12346
7470
15616
2710
9279
1315
9166
8410
14197
558
6919
9387
5640
3483
1876
6762
5834
2251
11001
4600
11638
5723
2435
14224
4254
13041
14003
15559
6017
2699
9845
2176
11261
3262
15066
9052
7237
10055
11009
14446
5234
8961
3619
12631
9572
435
8583
15247
13622
828
2548
14346
7407
3408
6641
15251
10161
11106
8993
11716
12454
6292
3473
11765
7203
847
5095
3671
12953
7271
6209
2054
7052
2986
3863
1513
335
8739
1353
13913
9653
11287
12513
6817
5824
1489
7051
3841
14389
4121
14715
4680
5953
4668
4532
2416
6925
6673
1759
6605
6236
5429
12871
13252
15414
2027
12302
10897
2235
9674
4111
13249
6739
8019
10469
11858
14416
7227
11873
5387
7447
11909
4360
246
15761
9251
15257
14807
13965
9101
12352
6871
10600
5865
15693
2873
2924
10120
1559
4699
14604
8268
5930
15575
12139
15692
8553
7846
6842
5306
10696
3787
12664
10819
5464
5267
872
627
9466
12686
8614
10286
15151
15530
13858
11937
13277
2694
10219
13182
15898
10778
4300
6903
3110
6178
121
10363
11467
9203
9154
13589
4856
7013
663
5275
4666
12814
8953
7131
9754
10277
9103
8018
7395
8735
12696
14689
11328
11488
4607
9898
9194
9431
14890
3176
8593
11228
5814
8642
15534
10740
3566
10361
2831
15747
8193
5511
703
3188
9624
9831
12296
4719
9392
15113
481
14579
1208
5373
4554
8845
7634
14970
3827
767
8270
3682
5527
10078
3894
10820
505
14765
7776
10094
10793
1236
5409
6668
5045
1496
8497
13417
13203
12538
7742
7243
221
11987
12817
6275
11538
3788
6859
13138
14942
6694
1682
2858
14151
4500
15599
10867
14749
4935
13246
1807
9395
14844
342
402
7530
8753
14515
13640
1438
13690
14058
11646
13901
8440
7221
10729
483
9862
608
13952
5673
4558
8339
7050
5550
630
8574
5228
13254
4526
10837
13188
2732
6596
2841
2384
6453
15708
2937
3062
15595
4815
9305
5282
12283
7408
14535
2648
9678
12777
9784
5799
2373
6042
2582
11014
3997
7039
9942
13349
15142
13259
12344
3667
1468
1694
12863
5932
10095
9188
15549
15872
15291
5533
4190
14001
10074
8980
7837
7711
433
9406
11827
13322
14502
3438
14130
623
3034
15743
4775
1939
1792
13816
6043
369
14392
4762
15109
223
15473
14401
1398
2933
10768
5321
8718
8100
166
1046
1355
15766
10862
7335
7269
32
8348
6174
12123
11110
4268
2451
10803
4805
11152
1916
10489
5427
12982
5581
10751
12655
1813
14156
3658
4900
8952
4731
11165
14000
13718
4723
2047
11049
8816
211
12873
15533
10841
5172
11879
7944
14434
10244
1931
9245
2377
7993
3685
3540
7677
4413
9373
8916
7908
10394
5093
2309
9428
4269
11749
3327
15033
4089
6226
1010
9597
8112
104
2657
1980
1052
2146
9723
9487
9543
11863
7787
15278
5798
12547
8303
6970
14485
13433
8133
1757
6682
2738
2263
544
9534
7706
3081
700
12718
4898
15632
13882
12172
12130
15212
12078
9916
7585
4542
516
6917
15210
10557
14640
537
8406
6448
15895
224
8678
4743
1410
6544
8234
3758
3212
6068
7303
5495
9983
7481
8113
1435
13465
12839
2752
9362
9341
15188
2526
3694
3228
11224
6503
10411
12082
9183
9396
10123
10583
8619
855
5677
1383
6809
6110
9702
8032
477
14463
572
13201
10951
4235
4560
3183
15336
15887
4218
2029
6600
7331
10487
15848
2390
10365
5924
6514
3552
2842
2679
4361
2814
7281
15582
15448
5936
8476
1356
11812
2172
14222
13272
3439
8378
3700
14035
6512
11274
12852
10265
11998
10599
7561
7517
13907
12608
3809
10451
6040
4899
3362
10088
1068
5011
12342
1968
7689
8547
3571
13540
5538
7247
660
768
321
10430
10912
10549
3611
3924
11563
9856
11291
4321
15173
5607
6882
5186
14976
2428
4410
6803
10784
10613
4392
14480
1338
13367
9883
2650
181
6933
1262
13984
6776
4296
3544
15284
3430
941
10509
14519
1535
10300
757
14521
6255
1800
11915
14879
15413
5675
9444
11499
3469
11464
3728
7320
2249
1371
15238
14315
2322
9956
8275
1121
15578
15625
10493
14555
3037
5771
9760
5689
8097
12200
8366
7956
3649
5364
4894
8171
13187
8256
11670
7623
2740
11682
5582
633
1071
7654
1609
9438
7077
4209
4418
10883
11932
9988
3161
5125
3995
10064
5772
11195
818
15314
2405
514
12502
10639
13446
1604
5947
13980
12695
13280
8509
9415
2323
13353
15615
14431
15697
5259
11132
12666
3409
3194
10295
1444
3450
4283
1487
4355
2623
5734
863
13792
5833
7540
11699
15201
5548
14321
6225
11048
4821
13647
8105
15410
1519
12213
184
5254
9051
9067
6353
6753
1477
7021
15763
10963
1331
11870
11796
6801
8050
15886
12233
10623
15479
8277
1771
4258
2862
14699
2915
14504
3355
9904
9300
7721
12919
10826
14067
7336
12473
2659
634
13288
4441
10530
10965
14066
1201
14943
5223
5694
8233
5668
14428
8924
8300
8248
14093
14723
15129
5062
10301
3963
112
4649
10099
12925
4931
1720
9200
11060
7930
10661
4955
13803
783
14469
5012
9821
12129
12918
11432
789
14697
10104
4344
2241
13197
13564
592
11363
15203
1952
3155
1810
9846
5765
7446
14877
9
5385
8875
4183
635
13505
11482
12854
8559
6093
10940
2004
12434
9844
15696
8082
5002
873
6826
6967
2276
1898
13609
11989
6770
1316
9685
2904
11352
14580
1043
9304
4162
10598
4173
10467
1699
2161
15063
4420
8802
10665
14528
10974
12145
5020
14966
4485
5458
3670
15022
6289
10737
4712
10909
2963
4789
2228
7079
7210
7647
11493
5171
8590
10807
9185
764
5835
13143
9168
11543
4629
14773
2810
6304
14265
10562
9098
14103
2693
84
7989
13749
2154
4084
3427
11848
8228
566
3302
14378
4583
123
4971
5295
8769
10212
2911
5641
4493
2502
6901
4119
5753
6100
58
11362
8510
5744
1633
10840
15756
3511
6921
12305
9682
11391
13212
6852
3998
244
15821
4980
14037
12417
8043
9999
641
14690
14964
2836
13124
281
12422
8147
11832
7314
4986
4792
3063
10712
11902
8664
14324
1359
10638
12999
4576
11340
110
7445
12981
8585
1226
5042
8101
10896
1378
171
8742
6891
2035
6689
676
12670
8927
5956
10207
6927
6521
1840
14307
4677
7181
7399
3216
2007
7965
7249
6693
3992
7133
6548
6016
14650
4
10594
7852
7192
15329
4264
7669
14337
5739
10205
10767
2837
5394
4921
8111
2291
2386
11476
13542
12976
5738
2678
3217
1171
2123
4522
15649
14325
2774
9608
734
9219
7650
1933
9091
4281
9120
6675
1120
7988
11731
5100
8549
4456
9223
14276
13427
3061
2302
10907
14668
4858
2812
14837
2446
7959
12407
13774
3637
14800
3402
2436
12640
9288
8936
170
6259
14876
3012
930
12090
763
11506
933
8132
7710
14382
4694
14625
4702
8407
8162
12189
5323
5846
15259
1766
11572
3238
9342
10199
12206
11656
2674
5027
1333
4799
1006
14309
15383
7324
12678
8516
4161
5288
12860
7572
5761
1511
5335
9921
6298
1922
7128
6720
12226
4669
1311
6493
202
13154
5490
7664
4618
13102
7159
14672
5266
6533
13295
11162
6458
383
13258
6829
11945
11734
10882
5826
13801
15899
10836
9177
12501
4700
8207
893
3668
5718
6247
12295
12339
12499
13779
6846
13170
11586
3919
134
6131
1847
2782
5735
12845
8014
4976
14750
14806
2232
10249
10905
7114
5331
12748
3527
2182
5997
15661
6800
11465
11974
4476
6747
4651
815
13765
2762
13612
13236
10999
13892
7856
5111
14941
13098
13306
269
15785
6645
2636
9110
5874
2032
3750
10857
15793
12582
7313
8175
5691
13755
1825
10070
5391
7197
8456
15077
709
161
11631
11086
3337
7522
666
2020
4098
13083
10081
781
5072
9835
8677
280
14365
2622
4536
13443
12311
3215
9513
1549
2718
6081
1423
14279
1789
15659
10683
7917
1702
10246
5672
12028
13418
8415
5573
11783
2985
10542
9589
4912
1210
2563
12747
6456
9745
2947
8375
10227
5015
15904
448
3275
10392
2031
997
1605
12079
1288
13190
879
2635
11760
12299
282
14928
9429
5219
3379
2532
9613
8859
12070
6648
2044
5879
5197
5255
5164
3759
10593
5750
8847
4302
601
314
4996
4135
5451
9799
2350
15748
13621
13698
156
13298
15795
6649
4327
13537
854
12719
1780
1902
9111
4676
8539
10558
7626
3862
7149
4509
7490
8073
9865
13005
10607
11075
13526
11131
6505
2779
2042
10525
8288
9553
5241
13825
3497
12555
952
12650
14146
4998
13200
7086
2178
8185
12865
1716
13087
9130
10834
5294
12174
10254
3140
8006
11411
1714
1795
8976
14575
1608
13601
10490
15983
1175
1264
4746
5334
1844
6646
14990
4050
5518
13043
4482
14596
9885
10548
9144
8693
163
8918
15920
15721
1382
14062
1030
15112
9028
11108
496
9730
10922
9859
11229
10482
11036
8676
10575
13644
9661
2707
15021
13933
15552
7435
13247
1639
819
12179
13665
1412
13177
14019
14257
1290
9558
9505
2018
12128
6637
9707
8472
10825
5439
793
10372
14028
1540
6968
11633
12565
8812
562
10835
7528
4199
11794
10995
11821
14639
7346
14244
11090
11580
6999
9815
13073
6793
12297
7955
7713
12155
2190
8814
6170
4427
11141
11885
11579
14505
6941
11952
11455
5319
2944
12690
6561
7283
6404
9294
14712
2953
12420
7656
1547
14320
4587
11236
11052
2463
3573
2791
15614
3348
10414
9841
4469
7982
1645
9560
3705
10625
5178
8740
3762
7578
6802
15054
10121
4511
8351
5942
7458
6407
9270
114
8914
8938
14456
2003
3547
12356
1001
2469
9625
13097
4429
11178
5576
6881
10972
15095
15223
6203
12891
10852
7092
2486
8475
2021
978
8536
1196
1768
9455
8673
2026
9914
2193
808
6414
6868
12489
851
13776
6382
9081
1157
3605
9540
13294
9295
7132
13405
6565
6258
3819
1896
9186
871
1529
6165
14861
6339
10214
1476
12588
9040
2789
3503
11191
14288
14184
5974
12642
4594
2490
689
8789
4288
8142
11663
271
15815
10136
12486
6134
8252
8522
1985
13847
9207
15916
4006
12554
4052
3560
10517
6167
10967
9187
2285
12236
2115
3094
447
15192
12061
15381
3687
13153
14611
5709
7714
3066
7229
14946
14212
9575
13732
10527
5500
1845
848
1622
15919
3984
15577
12023
4166
13062
6314
5848
11600
3235
15354
10997
14264
14548
10385
11602
3289
13850
10127
14017
4357
8224
8196
3530
1098
10048
10133
3083
9083
7958
14785
432
9375
6303
4204
11622
1426
6398
8033
3114
12373
15791
8282
6123
926
14435
7025
8229
10126
13658
6312
312
15437
11416
5602
3659
13273
4681
8488
6609
6670
13316
1787
15114
5601
3358
15419
8462
5743
6417
5382
1261
3400
7106
7140
2187
1575
6564
5842
5817
11966
5587
12713
7832
15157
8600
1215
3109
3712
485
12428
11114
13694
12459
532
2155
14430
14316
8231
5205
5893
15626
6229
7967
7162
2664
11681
10135
1858
1816
7436
13982
6434
7792
11927
10938
7929
3585
8354
1581
11020
8243
5523
11342
1402
4916
12843
7449
14161
3720
1376
15525
3100
5305
2472
14508
3951
3789
3718
14982
3099
615
15835
10641
4087
11842
699
12122
9803
9331
14783
8383
13574
10761
13310
1587
12821
5645
11826
10262
13309
2660
13659
13500
1686
2780
14727
15334
924
11187
11085
13999
15351
9508
14726
1990
13760
6283
8061
11510
7062
10427
8308
2462
9211
2255
7875
14219
6987
1274
15515
7538
3985
6519
11626
15558
13078
5129
25
10158
6904
4202
409
2487
386
11665
3008
14055
7663
3973
11991
10287
8400
6060
7608
10863
8491
10087
4820
8775
7078
9004
11501
8285
12752
6090
1782
6832
10980
15572
15816
14720
10381
11517
13546
4487
4378
6444
15527
6114
15510
11711
8322
748
9808
15981
2471
3178
4617
4811
14843
2244
6819
5572
8605
8143
1168
3653
773
543
343
3035
1306
7818
968
1618
2133
13885
9599
11292
7496
6471
687
7864
11810
5952
5407
11747
6950
14044
13947
2092
725
11883
907
13641
10818
9782
13432
12162
287
15831
12453
14014
4345
5217
6266
7801
5189
2521
2379
10926
12256
2143
8602
8298
14732
2668
8312
8963
14812
3079
10563
15009
12169
12481
15008
10020
9274
14527
11851
14869
5123
1746
8869
7873
15085
6413
378
7451
12323
15395
4961
1754
9503
2857
4231
9877
10191
7286
11509
5117
9084
9184
15891
5393
15822
4619
3944
2444
130
14482
12202
10236
2224
3159
5249
3330
12258
813
6595
1161
4531
12230
10526
14826
15389
10216
2642
5483
8221
5298
9892
6251
15213
9312
8697
12036
11770
14522
13645
12745
14893
3519
11960
6183
8402
8126
15568
13592
10140
13916
4995
7573
13121
10470
10413
13606
13416
2356
375
2459
1999
15000
10457
4691
744
11971
12238
9494
12049
8563
5486
12402
14953
4275
12610
15266
1445
9676
10800
11444
12883
8405
13086
5317
4394
15738
5346
11852
12392
13220
10264
10716
6798
11139
13585
11702
1532
3250
6371
14498
8652
14922
10617
1944
11857
12890
12210
10971
6840
15812
9137
12957
3064
14277
13671
11868
2090
9585
3609
13890
4246
111
8246
14025
12288
1204
11721
14632
6788
11461
5053
7991
15275
2682
12421
11811
7477
6118
2641
9045
3455
1107
1866
4145
5663
5614
14887
7030
7813
10987
9902
4056
340
15555
3208
7434
3828
9404
7867
411
4229
9171
8860
10237
3870
14550
2442
10962
1339
12850
4865
7310
5210
14086
4295
3574
4108
14106
2036
11613
3926
9460
2892
11143
9497
11680
7202
4920
14370
12170
12694
4765
11919
11094
15827
4841
3481
12995
4291
6200
8065
7341
1240
9810
12733
4242
9252
15631
3371
10334
15792
4198
11817
4557
13159
12448
12732
5809
425
12787
7688
14096
8741
1283
7681
9838
3665
8382
12150
1926
1959
11101
9050
6002
1533
11620
7635
953
7354
13784
12195
11778
8877
3366
13859
42
5665
4334
3293
7703
14417
8885
15960
15408
6360
11318
8434
501
9574
6915
13756
13226
8232
12894
3925
15667
12723
348
9704
4740
9870
15880
1711
4298
9766
13986
3285
12016
727
5080
4806
8675
15557
8906
12602
2272
5142
13636
9896
1888
457
14089
9380
11629
2905
147
2897
6671
7262
6186
11459
13352
7100
12708
9337
9901
15061
5320
6550
5555
7448
7415
7376
4339
10325
118
8771
5801
6158
2066
513
10755
7295
7364
12683
11188
14945
4075
8594
15355
14033
13746
8302
4383
13950
7043
8889
8615
11428
10289
7241
3507
5850
15263
1733
8794
11494
2169
9155
4708
1937
4895
2114
4623
7770
3076
11383
10644
11552
11921
3252
826
4878
13330
13307
8284
13624
5025
7397
4981
12904
12027
7830
1336
10366
6929
1627
12168
788
14747
7863
5866
11985
12592
5955
5625
10224
8939
10213
2206
5741
6189
15570
5528
11307
2418
8356
10033
12987
4829
13595
7937
12947
3193
15293
7453
7478
2288
10988
2283
14618
6198
9781
1049
5293
3491
6388
5444
9401
2676
13136
10977
13498
3583
4788
15104
8788
6908
7378
7121
6058
11518
10096
10370
7296
14059
13578
6420
8247
640
9286
10335
12663
9537
10864
2503
15567
9170
2481
1913
5530
15799
13511
11898
15653
10707
6402
9600
13116
1064
2784
431
11346
13548
8743
9238
8395
15563
7031
3772
1147
12452
4518
8940
2627
5202
13759
10440
13994
12815
4757
9127
10556
622
13552
12931
10566
3315
1710
12835
3832
12521
15977
3121
10004
7439
1040
8316
5354
4710
1250
2424
5316
8435
10725
15859
9651
6234
1031
10497
13377
1075
12389
6971
529
5802
10695
6836
6320
5328
9025
9479
14492
3002
5829
15522
7242
10579
15346
3932
14118
7665
15592
12332
12673
11010
11849
5621
3599
12866
14015
9076
890
1348
12216
9751
9031
13602
11443
9197
5785
186
4466
8134
7499
8253
13544
13896
9018
9915
7474
11623
877
6580
4633
9973
1760
6501
6717
5563
13689
1291
8651
11772
15858
9715
14676
14150
4662
5503
14708
3800
9061
2199
14856
100
1007
11336
14127
7236
7629
9003
13142
6666
9819
14516
12287
13955
5400
13600
7344
2175
2733
10364
4837
730
13714
9161
14561
12154
5778
8969
9368
8517
5349
2049
4290
4127
9507
10226
13325
4156
3531
4009
13943
15110
10253
7462
14082
145
11949
9364
14419
8537
7102
13434
4259
5757
8170
1817
5892
8933
3003
5617
2656
4390
7637
13354
7555
3934
7651
11199
12583
14116
2307
2477
6279
11427
13795
1590
10621
9683
11276
8822
2748
13571
3630
8797
8122
1650
14124
11319
4421
2475
2264
5395
13993
12596
14221
10973
13802
8596
6965
13389
1878
3777
8385
9189
11642
3600
11174
13566
1086
11293
3580
1992
15753
6175
7960
14883
1853
1229
4415
10218
8765
4794
377
11210
8001
12509
4593
1743
15333
5560
412
12146
13470
157
15860
4836
6366
11211
8135
9299
8527
15764
2951
9724
6674
13643
14078
14559
1707
15198
2939
9648
12368
10901
12986
12734
10955
2277
11437
6708
14695
9432
1314
12561
2712
3908
7789
7071
7511
4737
916
7302
12569
8189
4613
838
7338
4451
7277
7520
71
2492
4929
13530
2893
7671
2877
12665
15874
1910
925
8667
6579
5112
6431
7441
3463
15819
11295
14423
2142
7360
12941
13196
8990
13034
4803
15308
9165
15197
3432
12229
9321
658
9998
6062
9190
11727
12366
15441
12273
5797
5746
13484
9227
14425
13179
7
9042
11825
13195
351
6313
7986
2348
1287
4304
753
5700
3975
7373
7109
5472
6130
2210
10149
10305
9308
8442
4885
4564
12768
10658
141
2743
12674
15974
13807
15025
7381
2577
4430
4842
14287
11077
13209
4471
10373
2259
8401
2086
10860
7328
1385
13076
7897
14983
1538
5345
13265
4580
6914
1087
2655
9005
13233
213
13141
46
12252
1599
12766
12235
15416
4386
2559
6477
7839
14424
2147
11737
733
7607
14242
946
9069
10873
8255
2059
6502
691
6778
4391
710
6886
12430
4689
4384
9732
15857
361
4263
1872
2663
6139
2778
8412
12441
10671
6432
6879
13716
3388
11662
1994
4494
13299
11122
14542
12124
11271
13558
15117
13634
12409
9343
8464
13516
14541
1420
8165
1203
14385
13474
11962
1284
14768
12770
6650
13105
1119
8571
6336
8573
957
1869
11809
7974
14937
8582
10389
13357
3367
3213
6754
2874
14912
14989
15926
2856
2449
7006
3769
14297
6685
6379
7531
4673
7788
8959
6897
6470
13262
3232
15730
8016
15906
5613
11290
15853
9680
52
11013
8177
11283
831
216
11087
836
3756
8347
9475
1206
7457
10093
12328
11208
4038
3567
10266
11679
7812
264
12574
7485
7882
7440
15068
8182
8937
14299
6181
5965
5754
950
7317
4717
3353
1998
3295
10832
8534
11389
5402
2494
6771
6104
13974
1293
7794
10817
12443
7825
4182
5448
4463
8380
1894
3504
9510
5682
5732
2853
4585
4060
13320
13053
14517
4690
911
919
6916
15297
9071
4853
11497
9639
6210
5856
8052
12548
13879
10154
11213
13680
8858
12717
13582
519
14772
8902
6831
5389
4358
604
11314
14888
6173
4491
3735
8087
2786
8786
5541
862
15584
10391
677
2514
3318
8854
850
4247
1377
10225
7940
4499
8484
11429
6352
9949
5745
234
9319
7617
15760
14949
1653
3470
7764
3389
14350
4903
12234
1413
9932
594
15046
8151
13827
3384
749
8702
1012
2398
14368
1691
2101
12743
7063
15147
9850
15828
3707
8745
10911
10201
138
11562
3940
9297
4447
2413
12648
13204
14962
5620
2437
15501
1167
15108
4863
2407
1373
10601
1541
3564
10326
11045
13748
15809
12337
10463
8844
8650
10107
5561
10472
12017
11581
9615
2634
2108
6450
9075
6631
13894
1217
4655
13915
12769
3548
9212
14429
3122
12822
12321
15059
2936
14845
4106
12515
1241
12619
10787
11829
1190
5006
9132
3749
6958
11743
13872
10023
2534
1108
1579
1855
5423
4338
9443
13780
3698
13342
13375
13120
7164
8975
12755
6147
6791
1654
14576
7185
6692
14331
11007
6745
13031
5196
4319
11469
15729
7479
1317
12774
13014
6218
12250
1494
4741
11750
9777
10170
11104
3057
15179
2824
11776
15505
2843
6661
14107
7896
5712
2709
10083
14766
12380
1818
5371
1361
1222
5303
11590
772
10851
539
13661
15677
11360
8890
10437
1224
8459
6907
14218
2498
4588
7443
1093
12436
10578
9400
15671
13219
2558
262
3426
5971
2447
2875
3545
3107
61
5819
11651
12591
1909
15286
4524
1347
10571
14868
8296
9209
15961
554
11357
5003
10434
14141
11423
9514
7307
9181
8799
11934
8404
3499
11492
6018
540
9909
14414
15135
3422
13156
992
10845
9920
12012
8530
9220
6696
1115
6361
15991
7759
3803
1112
12197
12584
12455
12660
8793
1100
8419
11430
8077
8063
12789
11877
5211
4755
9550
14662
11520
9731
6476
5203
4492
1429
13191
5991
12994
3299
11473
12887
8665
9830
10931
7962
7420
4128
8172
8362
12751
1593
3065
8045
2237
2218
14134
12908
672
758
15256
9832
8443
4276
1870
5194
4353
2828
4251
11367
12791
570
10975
7594
6695
11860
2508
10684
8607
5353
12227
3271
9391
4749
12806
9752
10409
11088
5184
2545
7161
7778
13462
13949
3650
14300
245
14940
11158
15636
9242
5304
15130
3436
842
15031
2366
15277
4125
3965
15518
2083
5165
15065
256
1349
7544
4004
5425
13438
12956
3981
7547
12433
7587
3974
14437
4994
1603
13709
3579
2844
10948
7472
523
208
1670
9423
6295
6097
4611
1170
5863
9863
4771
3410
12424
899
5618
9482
11070
1295
1232
12319
10889
14518
2606
11289
10953
2467
2819
7595
8690
7355
12086
1252
6354
8011
13557
2723
8413
15686
4297
29
15494
4941
8696
10515
14658
4459
11080
2562
2118
3242
11026
10294
7455
13946
14405
5069
3156
3332
12724
5521
79
1159
12254
6299
9617
1536
3947
8922
1329
8992
14478
8369
10786
4656
13594
1143
15243
12051
9516
5589
1137
13664
12983
8967
948
14083
9340
5099
6984
10648
8526
3860
3731
9099
2040
11568
9175
12527
1182
11245
13192
13281
15301
4035
10507
1475
4784
5984
5976
362
9551
2794
9717
5600
4186
12705
2610
309
162
6523
15513
3622
14397
4697
4826
3447
14553
10390
4233
11022
4675
1646
12003
9546
1672
3164
6343
12080
14343
560
13162
9490
8370
6930
12729
5774
11792
10741
4424
4553
4483
14240
1096
8581
14835
14621
7820
4389
6220
13672
3274
10220
13047
5813
15339
14543
3791
10550
5540
3978
5258
9935
1676
6429
9088
12110
13094
4381
8099
6834
10936
11202
11523
12644
3525
13604
3087
9940
897
9750
14770
12104
10783
7543
642
15845
2602
12181
3352
1880
13580
3005
4019
6849
1379
128
6893
15434
13178
11762
12412
4537
5858
11438
13711
1860
5938
7008
15428
390
12535
8711
15942
2270
11701
1027
10037
7928
5962
2346
11192
832
6552
1854
14054
1868
1016
10000
3340
797
14818
205
10510
4423
9640
14268
15299
5061
2121
12059
7810
12491
6084
6182
6466
212
4023
8805
9787
6690
15520
8603
3817
14836
8166
15091
11359
13435
4727
10920
11782
15407
13164
6185
6467
1209
10358
10337
13673
10336
15394
4054
4598
417
7729
12862
3088
4589
5359
3713
11317
11079
799
11508
10380
5475
13923
7375
3196
5084
11163
3420
1053
8319
12754
4299
2256
10103
5368
13401
2173
4818
1245
5088
7264
598
102
11988
3864
227
9027
15679
10484
694
15784
14076
13995
5120
5247
15001
15361
13603
7576
12203
14138
1469
11779
14761
13909
12992
14507
14236
7061
11830
2998
15703
11288
12408
4475
8153
2588
5215
4388
408
2327
1805
5460
427
9044
3911
5907
7454
6324
11439
5269
13355
2529
15642
3727
13131
11185
13633
1440
10539
3888
11478
12241
8350
7123
400
10473
4793
15043
1873
5805
4114
7414
7350
637
6272
152
9786
14809
6991
7010
12065
10410
14454
15988
7723
15472
7402
472
11098
5783
14790
8568
7701
11706
6702
15162
2132
4644
14467
13069
787
13750
8486
7641
5173
15320
15460
14470
7230
9484
9150
4551
2552
1303
8109
3006
2095
14537
9633
13305
10596
14599
14374
4876
6390
2344
7507
2096
8514
7866
10992
8734
3054
359
1576
13556
5897
11407
6485
12929
2433
11370
12763
1908
10235
984
3594
6387
7610
14144
12578
14585
536
6775
2870
7590
82
133
6330
5742
14119
9552
15536
5124
2399
251
7137
9521
8507
15482
2129
12712
1485
8852
1063
6419
4431
5344
11861
4608
13469
5878
8601
667
9195
7058
4215
1530
13308
9686
5779
5110
11999
11875
2640
14680
12318
10049
3933
107
3098
5019
3377
1695
8688
5827
2813
6853
9785
7493
6719
14904
11385
13403
15474
6768
4385
7334
11320
1073
8646
8831
2452
7884
5977
9772
13011
13237
12667
14421
9980
11209
8078
4402
1849
14986
6869
1750
2515
10167
4888
8956
2900
13773
9853
4460
6918
6468
9727
9458
7282
10875
5578
2382
11150
12740
7180
4926
13650
5968
7888
10538
14329
4627
15273
13669
3477
2535
2868
15683
13831
14514
8161
10342
6855
176
7101
731
3277
9549
6935
12025
15883
7157
4164
2855
10382
7524
11417
15294
6455
11576
3831
1411
10115
1089
3024
3269
15004
5623
5867
3344
10046
6278
2082
5432
2925
14808
8705
10233
192
722
1460
14593
3125
6184
9496
9389
4658
7358
11012
10040
11057
14633
14857
9214
3509
15166
2087
14907
4678
6723
9347
15398
12414
875
7803
12517
9306
5311
10551
10935
7686
7872
188
12590
4848
8909
3032
14047
5115
10876
8576
7577
13189
15081
13560
15360
13887
15712
9480
12465
6678
15248
7737
11728
12280
13473
551
12151
10308
15593
4642
5244
14920
13119
15453
7001
6474
2511
1703
15870
10352
13898
14702
9728
833
9700
10605
4556
10503
11855
14496
8640
12847
13095
5310
4768
8494
11313
653
15430
13372
9198
4310
6774
14860
4091
909
13003
14822
12492
2160
10240
5271
6618
73
12485
10782
10664
10906
7798
3733
1085
2749
8377
9007
684
6041
2504
9454
15368
14005
10692
15199
6545
2404
1953
7090
13480
15877
11038
2603
11404
13024
7915
6482
6230
5628
1991
15867
9694
12573
15315
14513
2073
2665
1470
3638
11138
12570
12354
1671
5993
10630
2185
249
9568
7857
10288
14206
13134
10762
6691
13538
1572
4838
4194
15541
11910
5190
7880
1268
4861
3368
10488
13279
5245
14581
4116
5375
13361
7596
8669
12160
11561
13149
5868
12074
338
2788
3872
7750
5703
15979
14995
4059
10222
22
6899
9104
15629
9478
10513
4455
882
5598
4880
33
7115
7104
13419
3717
11037
12349
10424
4356
12959
5912
5946
3741
12239
12330
12677
10765
6144
4287
6038
11176
8454
741
10200
1681
4033
2246
10966
5113
3815
3401
8118
12868
11477
9315
10982
2149
6140
3453
7029
15852
4601
9210
2300
7568
4489
15120
5076
2153
9140
3587
11555
8599
3784
917
1542
9115
12153
8620
14476
6276
12639
3644
6677
2746
9417
13290
3977
4745
7390
12603
132
5653
14852
4206
15997
15190
7599
829
14152
6217
14817
7657
995
4176
34
13450
10217
286
8197
15551
14178
1404
15547
9293
6797
6610
10899
13971
6586
9169
6406
10608
991
6244
10426
2292
11643
10685
3233
13013
2719
12622
9074
13104
12221
7182
3914
11316
7225
6966
11129
15307
856
10418
3369
13531
15542
8342
12725
10531
13591
4985
4718
13569
15116
901
441
3258
5250
7674
4448
6484
9722
13223
14588
9328
8156
307
374
7327
7165
5719
12792
743
15011
13742
10194
6479
10406
10523
401
1930
14108
13931
14911
3162
11135
790
6906
3126
3471
12858
5964
10400
13066
14097
7692
927
6985
10080
14073
8861
994
4239
15094
6780
339
6433
14825
8173
3935
4937
5098
8190
8263
1945
12088
9416
5659
14801
11298
7099
11994
5104
1466
1090
1103
9688
4566
8625
1912
14326
5134
6389
751
3736
3363
10681
14008
14624
6773
9426
10823
14871
1463
5213
2231
11323
9360
8850
7841
14873
15725
14629
49
8317
8441
11606
14214
7456
14786
303
6252
10693
5281
4210
11189
7305
6306
11535
13981
5222
6607
5642
12964
9520
8146
6050
4224
15174
9164
1526
5127
5077
8570
3437
11125
1127
5966
5707
14834
4219
2833
776
3647
11421
14061
12495
5325
779
3190
5081
15206
8584
12926
8095
9809
13527
1138
10976
7814
6364
4223
10480
6008
9284
15475
7480
10612
14486
1861
10667
15493
2547
4370
9971
15594
15205
1967
2601
12165
1905
14243
14009
14870
8031
14164
3654
10179
9753
14886
4398
3896
1156
10047
12431
8460
11984
12096
15242
10603
10849
2233
4759
9318
13996
3792
15521
2052
13075
14743
7325
6517
3288
2804
15987
11703
12567
2331
10396
11303
1960
6553
2518
12915
14280
8328
4747
934
7362
12472
8985
2298
14023
11684
5474
12563
15168
8613
9310
3743
9372
2930
1192
3031
217
12525
9611
8749
6020
12985
1823
13444
9333
15573
2580
5501
13937
4109
4197
9768
6861
2581
11055
13341
13255
1163
518
3350
10791
12935
7467
2631
11040
12091
5030
214
13009
14892
65
5720
567
2968
942
4964
10128
12534
4261
346
13132
9325
15478
5021
4857
894
13789
7898
14598
6001
3272
719
6543
5756
9767
14422
737
9774
1194
3417
12171
3627
8930
14728
10582
2847
13646
7231
3414
2077
10719
2152
4243
14376
3562
151
7096
5446
10221
5087
8700
9357
579
9934
13862
347
5634
15665
15145
3308
1111
7466
9899
4414
13379
7727
11837
2907
10827
12166
9524
5685
14724
6254
14123
15818
2852
15863
10537
6362
7936
10230
4265
9239
9607
14269
4011
8022
4228
3725
8314
6710
2721
5381
3263
12893
11451
6094
14546
8996
9472
1389
10007
13394
1478
8865
10384
7179
4366
6395
4650
10319
10215
11507
2801
6713
2483
10919
3411
12157
9578
7670
7899
13148
14036
4434
10176
8358
7046
56
9947
3175
7534
15236
13406
11704
3875
13408
11096
12030
14284
11035
10017
4196
11279
329
10878
4015
6583
2540
15431
4990
9770
9690
5340
6790
7783
10164
4010
10302
6900
6896
12057
3614
7306
5092
7736
295
6923
13877
7630
8503
13805
8951
12598
8755
15107
15876
8414
4403
4129
10640
774
5005
14645
12450
13213
2744
4342
12933
7171
11911
8027
1528
4117
13567
6520
14885
3229
8943
4877
12760
6822
10346
14313
13359
2383
9822
15254
220
11369
14273
2465
670
13315
2191
15574
9743
11605
13730
11343
13966
3968
3906
3328
15426
11976
2321
2952
11496
1074
11847
15374
89
4092
6704
6480
3298
1076
6659
12498
4949
15221
8978
14915
10830
7483
6115
1154
10293
10688
10290
14846
2008
2078
7258
6725
8535
10915
5449
8926
11573
9402
15936
11180
14497
14997
3886
5209
954
11312
795
8294
13575
11338
6176
9759
2525
11341
444
13108
14233
4579
178
14488
1281
4141
12579
5085
10478
11689
4330
3961
12479
10691
311
2461
4770
15581
15889
3317
2572
2045
650
15762
15170
10796
2597
15422
5836
2230
2055
9958
3172
15841
9260
7843
6722
2557
13165
11542
2967
1363
8612
13421
11504
2025
11970
10208
5070
15868
5036
6309
11116
2324
10565
11468
3943
13852
9369
1343
6075
1503
14540
8007
6027
5823
12358
5569
15106
12973
5309
7649
15966
11632
8828
5049
76
11472
10804
9199
10338
7858
7859
10278
1396
969
14571
7938
3080
14344
5837
9703
906
9351
2579
8681
2053
11595
14721
6820
14850
5404
10587
1907
12557
10651
10854
13906
11599
7850
9330
5702
2060
5792
14132
1820
3475
8638
5332
596
12813
9354
10942
13977
6681
1674
6051
12186
5290
6769
5692
45
6642
3761
973
4569
12161
4978
6148
14050
2713
1635
9891
4022
14408
11145
10775
5790
75
6934
2000
2081
7127
4417
7345
9769
1993
11084
5852
6824
14030
13637
10535
824
6293
8825
4626
3203
13275
1083
15324
9290
12418
6839
10422
415
11923
9665
4232
5509
14027
1551
10874
14973
5450
6757
13112
15805
15186
15082
12649
11733
7790
1978
15676
15689
7232
12849
14013
15875
2507
15118
11092
7849
6528
1667
8729
10052
2093
14200
11431
6113
559
13781
5487
15657
12939
10805
12231
981
5370
12240
3617
12309
1242
6492
9982
10516
10202
1104
11002
10568
4624
7398
12095
9542
8483
1186
8431
4621
7322
14558
12620
13799
6440
7353
7827
14802
8886
9761
1741
15219
11335
7602
3165
4249
11859
10051
10086
15862
8656
12613
7541
10448
2619
2995
8372
7806
3478
12477
15590
10494
1177
5793
14698
5920
12211
7666
3586
9737
15600
2885
14452
9000
11156
8778
15424
3971
13796
1781
3569
11248
15328
11124
13929
2091
2297
13181
14594
7614
3592
7073
14919
12338
6556
12672
9046
7017
4721
3177
902
9006
1422
14181
8502
13868
9910
1482
5972
4953
3338
913
8708
3278
6296
3129
10590
11918
7949
7512
11619
8977
3028
625
6280
11113
2310
9800
299
5669
8074
12437
3370
15948
15241
14828
2536
3309
10251
3927
931
10754
5452
13303
15826
13129
9433
13202
2567
12855
2543
10282
11835
977
4347
6107
9677
3360
2012
2687
2666
1490
8529
1239
6172
5988
5674
10198
12831
4591
7862
15909
3179
10006
10184
9452
9664
9620
13396
13326
1022
8493
6714
7471
6994
7612
13084
11025
8458
5066
373
4351
8545
7214
2654
10642
10010
7332
11242
3869
15929
4975
3092
6061
13478
10273
9151
10574
10698
15459
2583
4769
6326
14020
99
3268
7126
11230
4400
4371
2165
5000
8226
15701
15741
10307
11344
2790
10355
10137
14406
1984
6711
9010
10117
11349
5276
6777
9303
9446
13492
4016
9055
4481
10171
3428
1313
5075
10577
13976
7488
12208
2238
2489
6091
7497
11624
14606
1629
2530
11475
11865
242
15850
12989
8198
13811
7720
5958
12859
7460
14711
14948
9851
12895
14620
11354
6986
14730
9987
12975
12612
11241
1066
9259
4189
11748
2793
13590
14602
7382
4372
1727
4110
1388
14510
5731
5688
5428
15504
2196
13920
14263
13210
4374
12920
9409
4549
67
7913
8344
2702
14403
12900
8662
5459
14026
886
11169
2777
6657
11466
8306
6065
9486
12942
13701
12066
10752
14556
13208
13199
14426
12568
15164
15949
15375
5864
14755
3187
5283
11097
14607
12158
7900
9861
4449
13864
2906
7038
6263
4982
7409
14363
9536
6976
14805
10045
7791
14068
2111
8336
15511
6316
3704
4071
9602
8733
541
7163
7601
15103
11182
4142
13172
10407
368
248
9968
5624
10635
4752
4988
2429
595
9420
1169
13067
3373
6457
10341
12395
9876
15922
6325
8323
4659
3753
3739
13738
5524
7887
15830
6032
3423
5406
15702
6150
4154
11686
2989
9646
2464
3884
11531
8212
6265
13133
12812
12107
3223
6207
4844
1142
11327
6604
6190
5978
5755
4751
6847
7235
13782
8757
5220
14380
1280
5068
10624
9408
15202
1152
996
2696
11243
3399
11142
3839
3000
15962
6599
10324
2948
7751
2832
4840
2028
3723
1701
12627
3760
2644
2140
13211
15245
8451
3854
8187
801
2212
15985
5676
1835
3986
1517
4222
13126
12463
9647
345
10930
5547
6611
8806
6782
12386
6391
3097
10458
11939
4363
1748
2980
13092
1292
2955
14566
10821
6403
4382
5646
13849
2265
2453
15376
6795
11588
3089
12680
15121
13618
12646
1955
1039
5163
391
6748
1981
7309
10388
14617
7855
1200
5372
8519
10573
14223
8067
2698
6087
12837
6351
10589
13903
8304
8560
1692
11217
12329
2312
11539
3918
5195
14371
2403
9285
2991
13184
2983
4616
14709
1924
15249
12882
2512
9966
8432
8174
1256
3542
11218
15711
3068
6451
12587
8325
2273
10708
5877
4864
15181
13263
10042
2854
2988
9725
14769
13336
5565
9218
9399
11066
13741
15137
7834
15717
3323
9228
3625
9422
14656
4506
12532
15924
9430
8790
8932
13586
13512
4480
1219
3074
4802
8808
6699
9562
3904
13445
8754
14335
4831
12923
14511
9236
2722
8777
6033
7184
10757
12884
4958
857
14500
2098
4622
12474
15713
5767
15938
10351
1857
11042
12382
12097
6755
14157
8046
9828
3942
2609
5902
5795
11621
9043
10743
5119
4409
1842
9804
13810
95
9852
3765
12541
6486
10108
7952
7459
11263
13321
14211
9322
4048
14965
14613
294
2829
5454
9121
9080
9798
12508
12967
13452
15134
4305
1522
8465
10377
7963
12348
9736
4779
15002
2480
7475
8750
177
5067
7861
14954
9807
8426
4933
13623
14667
14305
10610
15802
13910
13393
2222
3225
6981
11399
12765
3333
14681
13049
5418
5894
3142
10546
13461
15794
15789
13925
6129
10036
7779
13205
3873
14992
10881
2730
12861
14524
8075
1565
10
5327
15928
5994
9384
473
7406
5179
11151
2783
4797
10790
15704
14490
1892
148
14032
9522
11557
15436
11050
15447
11386
2189
5887
4112
1662
8028
11671
14560
7223
8783
86
250
10731
13145
1425
6737
4825
1125
15097
7037
8150
10285
3628
13471
6628
14122
15808
3312
4236
5635
6098
14203
5431
14827
10317
13110
4713
8832
10331
3721
10195
83
10772
7983
2776
11302
9530
3239
6764
13477
219
5899
9107
1660
15250
12566
6028
11559
12214
13044
4244
5884
10441
13626
7244
13059
6321
4024
9235
14494
664
44
6188
15879
15605
5060
10584
11644
8659
14064
4766
1640
745
6127
1564
2347
7357
12071
12577
15370
10844
4527
3767
8671
10764
364
3387
1334
136
4504
14160
6359
3482
10724
6508
2332
15425
8984
1589
7712
11310
13917
1352
3928
6612
14651
15312
3678
7920
8949
12031
13625
6459
10597
6495
6399
14189
8138
9655
2137
2163
7155
10228
5470
8329
1057
15172
5788
11920
15288
15207
15144
12558
12972
416
7506
14117
9961
15779
5585
6635
12714
11099
5102
7105
8856
12376
6557
15731
4631
13502
12524
15537
4002
1877
9124
3847
8988
708
9586
5697
7495
15807
1326
982
9776
13016
10700
10945
12449
13677
2928
1130
13010
5891
5216
6623
11769
5596
7919
116
11804
2704
13395
11471
5934
4217
14360
607
15849
1084
7605
1223
3793
15562
12289
12628
6731
7498
6672
3200
6286
8002
15959
3281
8010
6701
5289
4581
3017
8628
2485
15154
4256
8744
1139
14501
9985
6156
15073
14282
2964
11214
14190
15415
7189
10131
12476
11196
4099
6208
12184
3738
7216
11781
7342
13919
10586
12277
6524
11251
1148
6873
9887
5230
5519
7754
9596
2643
12767
7977
12803
1556
12597
7717
15255
9823
10505
8136
376
13250
1047
3104
160
4324
3853
1738
10021
11419
15509
2240
2474
6614
9858
9635
7526
8066
597
7177
9495
12576
4744
5999
1946
7902
9268
1548
15658
3434
13964
1302
3967
553
4140
914
9970
2863
5898
10456
5860
6863
12068
15989
14725
7401
9878
7865
12383
2726
3970
12905
9666
7716
1212
10502
12374
12192
8245
3757
7154
10151
7756
8238
12553
10969
2808
10655
10895
4163
15765
6064
510
1561
9795
1451
15648
11566
7926
5768
15907
15481
10652
1779
11777
11388
10038
8200
2479
10461
5661
12617
10580
5715
1008
1942
12840
3572
556
4913
1891
9283
15990
13726
8098
13911
4191
1415
13441
5024
12467
5531
12629
4085
7762
9421
11560
9972
9307
6872
1492
7004
13429
8920
4066
2425
15269
631
10267
5357
8386
8042
3690
13922
12015
10553
15675
7188
1439
5872
15723
5128
6142
1996
10412
6892
6260
989
11115
4866
2177
11368
4917
1642
13324
4946
13932
14960
3416
11528
15720
1862
3073
11441
2613
3523
13969
14737
13723
14939
6680
6055
9114
9095
15705
12053
190
15930
3391
14245
14851
11753
7205
3257
10520
6211
6511
14694
5413
13874
11798
14271
13081
4174
12341
9280
8882
7195
2578
15532
13018
13297
6779
11790
12952
9604
8450
10989
7848
11908
695
2542
8515
12331
6811
10354
12828
4543
11375
9277
5226
3516
3185
2662
5627
8994
3532
14994
13345
9469
3025
1305
800
12032
6850
11215
11005
9908
10868
5078
14557
8121
14413
8331
2556
3621
9232
6540
3962
13819
14185
2225
3147
12536
5770
13838
943
5417
4147
3334
13987
11980
9488
15842
15126
14289
15208
15488
9796
4830
9582
14794
1938
3684
13460
6993
2506
13554
9518
7423
6851
3766
14918
3768
5239
4695
7463
2236
13410
144
11200
8895
8781
5882
9243
12396
9263
705
397
9473
14180
12244
9060
6734
7951
1060
10443
11917
11698
4790
2531
8089
7167
4470
4267
6740
843
12630
10888
63
2683
1793
3689
3095
2392
15483
4030
6488
6660
1785
15027
7176
13109
4322
1221
7371
11414
8487
14774
5652
2759
12232
10343
4419
2600
15397
5155
5386
14849
9491
13676
3874
2760
3805
3265
1278
6329
9160
2119
8823
15882
9857
15035
1534
13517
8660
10449
5552
9963
1597
626
11975
13529
2969
13091
8598
15706
5029
7847
7985
15153
14804
11788
8801
1606
14671
14016
4660
15200
13880
14622
2987
11260
1936
15427
8008
8102
13015
4777
12846
575
2880
7068
8944
1153
15480
9939
6245
11995
9193
12183
4541
7708
1397
10118
5973
5901
14391
3681
4041
3397
13596
13767
5803
14135
14684
13576
3695
7550
11893
3211
11157
3923
1623
4514
9989
14308
12268
6679
8796
5041
8648
2946
1508
5050
11361
2068
11993
7735
15687
13185
8199
7838
11393
7319
2450
5537
13020
8114
1173
7486
13914
12880
4101
15495
9057
10450
7780
739
4284
15274
3642
11220
14751
10019
6563
7422
6082
8562
8921
3929
6765
4439
11154
6138
119
12263
8684
15972
6818
233
1488
3802
8320
11513
6369
5791
14673
5153
12435
7542
7593
10544
4180
8214
6358
9557
13449
5789
9217
5725
6582
7569
15535
6322
10552
10802
10602
12259
4301
5308
10903
13632
11481
7971
983
13222
8663
9253
1193
10175
5784
2725
4200
6376
5619
12661
10675
8353
7752
844
15367
12977
701
7831
13577
3616
1828
2050
7645
7468
6608
15491
1683
3734
5138
12013
11008
10464
8428
7909
14445
3001
9581
4049
337
12136
2402
3287
3634
13242
7005
1000
6534
10067
903
3737
13230
8935
3553
305
6195
1911
1929
15064
13837
15295
11198
2408
10499
7725
13404
8550
15823
5169
10808
9656
6500
8840
125
15119
10486
9338
8591
7600
11479
6532
3127
15806
8155
7935
15340
1688
15544
12971
9991
2306
6857
5914
2311
7519
15727
7318
12543
12037
2544
5118
6052
6349
7881
4590
8230
7245
7871
12132
711
5570
310
2440
9464
6877
11924
429
5214
8236
8179
7927
55
12050
12571
5843
10024
2254
6541
13840
4862
12809
2415
12393
21
7969
1416
15903
5599
10008
2205
14411
13851
9576
3813
5322
231
9247
1744
15945
450
15435
2589
367
9512
9382
10859
2423
682
14247
6549
1002
15591
9136
1035
14564
13753
11585
14261
1260
11420
4652
10082
2872
15364
12698
14217
3198
10781
6213
14685
8004
7769
2848
15283
2867
512
4704
2103
9427
937
15951
6408
8543
7261
12099
7289
5686
8835
8970
15338
4846
5488
14931
7811
9579
13873
5687
14175
12735
11297
8478
15396
7597
14552
10172
13828
5333
2689
15646
1307
651
4906
6423
11688
12505
10850
12794
10001
10263
15837
2670
8732
15925
2493
3222
4750
4705
2011
7075
4584
3404
11850
985
12488
8686
6669
3776
538
522
11597
3851
15078
6119
7765
10454
7878
778
9386
4184
12350
15893
6792
657
5248
5986
10928
7753
6515
869
13490
11603
5031
502
669
8206
6687
5818
12470
3639
4332
13534
13000
8709
8292
1648
7248
5553
5632
9978
2084
573
129
1036
14253
2195
11905
3662
3004
6743
331
13334
11589
14317
5636
8070
14182
5252
2391
6447
7084
14974
717
9467
4407
2223
13397
15432
7074
1424
7559
8819
8391
4188
6518
11929
2116
3677
11907
14129
9718
9085
9701
12523
2162
15617
6662
13054
11032
557
14495
4599
896
14778
15347
8399
4901
11876
9047
11095
11118
15596
14657
2420
137
11537
15316
9089
1647
13040
5883
10203
4152
6513
2977
14404
12223
2941
12996
2860
959
7853
12707
9257
9773
9937
2282
8259
15507
1480
6816
2088
2766
12731
6728
1017
8621
6833
6885
4293
5983
12653
1628
10479
11458
10813
530
8220
13581
2015
7527
10376
6461
2329
5307
10519
6507
5352
14756
5944
4730
5505
13378
2919
723
13797
10723
8076
11609
2799
13318
9746
306
7828
2135
10314
15912
11650
2470
3980
2315
4193
9778
4835
9791
10056
12089
12783
365
4473
5786
6527
11854
10529
410
1320
10002
10211
4411
9977
9616
1094
10455
9814
14225
9425
13740
3018
2157
15234
7815
7525
5161
5737
715
7312
1220
2820
1658
7653
15262
247
5933
9192
5299
15995
4891
11961
2125
9605
11948
4851
6593
15647
11785
1895
15152
13941
1546
610
1856
8381
10654
7014
6111
15963
3833
4707
12811
5683
2183
15371
14114
154
12379
2043
11664
2962
5981
5052
5268
6463
11356
11112
2145
5447
9096
9952
8911
15177
14149
12196
603
13728
3418
15941
3460
14854
322
14716
7400
955
3249
8394
15093
10694
263
13386
4331
10378
14334
13506
2975
6205
5037
1649
8968
15306
5378
15056
14985
13959
14744
11678
10197
12094
9706
7040
10062
14362
6640
15561
12993
12294
7925
5176
9959
494
1621
283
8152
14006
11866
15228
9926
11926
2271
1272
3964
4159
14670
9008
354
9246
14838
11897
932
2396
3354
13739
3798
13312
15125
12275
7745
7627
13366
680
3085
671
3485
11693
13918
4603
6489
7089
9135
14956
3570
10742
10721
15067
13948
1124
6089
13912
4237
1612
14090
2966
11371
488
15402
9573
1202
5512
5855
5680
5606
8792
5410
14895
4915
11053
1191
4548
3501
14925
3752
796
6026
2188
9179
1607
7997
9079
8071
13713
3231
7368
6752
7826
2299
13806
8842
4932
939
7598
2684
10034
1558
296
618
3990
15311
2124
12264
2576
14643
11964
3897
15811
2929
1696
10753
6592
13978
15733
12710
8335
6733
8846
12370
3676
15742
1839
7340
3405
7044
13790
12911
1962
1821
987
6560
5764
15343
962
14664
15885
6715
4257
9636
3205
252
1965
4458
14215
2587
2546
12875
9793
8057
15010
10838
15954
5054
1144
5658
15074
8557
853
8595
9216
11834
97
2758
14874
14926
5177
13954
12898
13064
5243
8897
6024
8305
1368
4064
15189
5018
746
10247
15508
13820
8446
10534
1275
1409
438
7741
1058
11056
5034
8644
14293
11231
11839
617
1304
8053
7033
11820
7707
4063
10758
5182
12969
5780
10979
8948
1401
7298
15587
11687
9412
8866
2371
5388
15461
11741
12381
12403
9394
742
9538
9976
6647
7560
15058
14229
1954
692
12271
13348
8091
3790
13296
14226
11474
1947
14471
455
3077
10792
8692
11515
4533
4472
6804
1796
7002
14782
3132
4547
14859
414
11739
8286
11533
14562
14819
14246
11405
10908
1521
12709
15467
5532
1178
2216
1082
228
9975
8767
4496
270
12120
4039
14081
11031
15975
8227
13876
15656
11881
2200
7699
6654
12651
10508
5579
525
2362
460
12804
11285
6274
6589
4774
4340
12595
3058
14366
3376
5717
10429
180
2896
15726
970
13553
9933
5377
14109
12002
4951
12901
9039
7911
8208
8942
12897
9820
7389
10333
9539
8116
3799
14577
1187
11808
3345
7130
12744
4146
1344
6438
1128
1524
5544
13414
15798
9836
13286
14589
9687
9693
8908
9817
15229
3820
13167
8242
4965
14347
12759
5502
6813
15158
3679
14700
10192
13096
13562
9126
2751
7452
15310
13476
5151
5629
6013
10894
15682
9905
12247
3105
12081
12159
13346
11160
487
7226
4032
10545
5132
1270
7418
8349
9765
78
10025
2834
15183
6137
6122
4094
3443
2637
3251
8072
3938
3184
7816
6943
13693
13488
3672
7172
7805
15545
1591
11348
13385
13775
4823
8532
4234
10043
1918
6812
14369
11235
57
10421
6475
10435
13282
6383
13004
4096
5651
5154
2931
10306
12715
13448
15023
10130
3900
14354
2006
9642
10313
1499
3386
602
6310
11331
6442
5639
5476
8
15258
10986
5740
6085
5529
5051
12618
4144
11000
8025
15045
9659
11161
13724
13857
1081
2630
15740
3939
8430
4337
1384
3505
8872
7246
12699
13021
4854
4638
8069
11296
14815
4997
6367
7015
738
15075
12872
9654
13118
9471
14722
5849
407
8107
15261
9668
1638
7661
293
9571
14674
2797
7124
7757
3624
14228
10722
3865
798
15287
6340
8731
2818
11558
4911
750
11759
12047
4095
14875
13239
8810
10893
4661
3822
6862
8720
15018
6393
14717
14379
3747
1824
11394
14880
3227
15350
2207
6264
2414
2333
4725
11041
7383
11205
9792
5769
10320
8604
12385
8631
10970
14387
1342
5369
12824
15344
5900
8925
1687
6348
638
4401
1045
284
11078
11616
9249
6443
9483
1266
10276
9951
15969
9419
4367
2806
5443
11111
4047
8748
3655
15282
15940
236
4368
7427
11027
15773
6053
8782
2394
7403
8474
515
2538
11928
158
6054
8954
15156
3395
3538
975
15012
646
2102
9618
4329
13731
2326
6201
5455
1745
2395
4260
7747
3729
15749
14840
6912
2770
11931
14570
3261
4943
12351
14706
1365
3246
7709
10340
5229
5157
9092
15387
6844
11284
13619
4335
8218
6333
13251
4726
4635
5174
6149
10399
13667
8624
2675
3219
547
7048
12199
3456
11505
11548
12008
3608
15612
6164
15388
6132
5422
13447
6932
5318
5838
15851
13804
7722
3380
7567
9149
11353
12772
7553
6738
10697
13168
13902
1865
11334
12207
1972
3138
760
8657
4812
8703
11805
10717
11694
6194
3067
11017
12111
14864
14057
3270
8972
945
7134
14574
4422
1054
702
13328
6159
437
12014
9087
8448
7142
9691
533
3117
9146
15456
1041
8058
1405
8917
10900
8716
5342
6077
10397
8768
7321
15583
876
5365
13688
6057
15780
7758
12784
9762
14186
1300
13695
7819
2736
3597
6237
7996
15265
10299
8223
10504
8355
9015
5144
14080
5840
2994
10425
12662
12825
15335
7502
1563
10041
14311
13206
7239
10009
2768
8998
14472
13257
11845
11067
3041
7767
5348
8798
3403
7083
9747
10877
2010
10012
507
6570
5471
8774
14022
394
1812
8572
11246
14614
10279
440
10629
6216
8668
3468
5286
8800
5101
13351
12113
846
11440
8737
1184
9073
15681
15237
4709
10511
4810
4168
1146
1298
7394
2279
4178
15586
5580
5200
3722
14905
11447
8632
4450
1502
1836
12360
1961
8851
7018
13979
15412
4497
10910
13431
13674
7351
13425
1518
2785
2009
2357
3837
3445
9348
1406
15774
14665
2821
14923
4001
3458
2917
4438
13888
232
7207
13712
254
14255
4433
5781
11735
12506
292
7995
12807
13338
4687
15470
8883
12390
3282
811
468
2671
7250
140
9258
8013
13194
11612
9504
11521
9919
1600
13174
13487
8267
4545
11677
7233
4735
2879
13383
11628
15580
14863
6416
2993
1136
1736
7129
12359
5055
14427
8145
9158
10733
7396
2638
13160
7694
16
6542
3146
14739
1588
11201
4461
7509
12562
14719
10532
3136
12990
12194
15017
9001
139
1061
7151
6898
2107
616
7256
900
8566
13719
10255
1461
5484
2984
326
11903
4090
4326
1570
9054
15290
3357
1218
6949
14916
13509
2126
624
4454
6199
14936
4582
5094
4672
1325
10185
297
43
3903
2041
4073
7198
7186
9634
4816
363
3060
5356
14616
15322
12818
10914
1520
611
14292
15771
454
15101
6883
11864
8139
15300
2005
7581
15778
1263
3393
9131
3421
14475
3660
15921
10616
827
9167
696
9912
7948
1709
3855
4923
6510
5408
12551
7500
6009
7432
387
11978
1829
14609
2734
7824
1430
8989
668
11081
972
6003
11265
6083
1531
9441
4565
11672
1976
10492
3966
12303
13826
6297
6155
12076
5380
7552
7823
13033
15356
11940
1479
1248
1833
14147
13842
1571
6945
1434
13300
3969
5436
7625
1644
3259
2184
15379
7116
2308
3444
3145
13924
14491
9106
1557
7175
14944
9463
7655
6506
10483
9041
655
2110
659
6102
6884
4927
6522
6004
13180
11942
2882
12404
7266
990
4309
419
11071
6585
1067
9950
14641
1758
13241
4380
2491
8679
6046
4315
12118
5908
7504
1537
2105
12062
10379
5392
5096
11831
1246
3021
4502
9016
14568
12556
12968
14701
5808
8468
8204
3051
3046
1026
3472
7146
5644
15180
4561
6947
14735
451
6546
13735
6880
5889
12955
4671
15280
8367
8225
14198
3824
12520
5940
7877
11705
6858
11127
2158
15888
8776
12022
4716
9941
1775
7682
5603
3153
7619
14112
678
3465
14191
4278
15865
2883
3343
4983
13454
9323
2612
3486
13543
8964
7194
2106
6616
15499
2815
13459
14095
2
1788
10401
6095
96
1432
4387
12055
3168
15915
3048
1971
15214
2431
3305
8699
8541
85
649
4306
15439
6569
300
2316
10735
3778
5035
6386
11258
8641
7809
12369
13358
4602
7901
442
4686
12542
6116
10075
4037
1375
5114
6554
490
5208
14453
14043
12512
718
13221
11571
14841
13798
11450
324
11021
7293
4957
1712
9033
8887
2378
10143
6460
11301
6072
3751
11058
70
7026
6240
15739
8469
2260
5591
12324
550
10846
14045
11575
590
11194
15901
5542
10666
8966
3133
6268
5807
2074
7183
3266
3452
12539
4800
5405
3230
5931
7211
11103
349
13565
9317
14285
11304
1749
7170
5187
3045
10322
5358
14582
13365
11325
8254
12899
15218
35
12276
2901
12398
2170
14063
4113
13696
8728
7854
7934
5610
379
13766
11203
15040
12188
3640
14327
549
5608
3234
936
13085
14318
4674
15718
9456
11843
2186
15122
11780
15824
4928
350
434
6617
810
11453
6242
5959
4359
2180
8779
3415
6997
325
10174
15556
3116
9269
3049
3866
159
11452
15714
2248
11337
9906
5979
1033
2370
8020
11954
1102
7760
5107
4843
1101
2352
4436
9261
5292
4226
15755
1374
14573
6955
14448
3050
5415
8629
5367
15178
10884
14126
11904
6624
14166
14789
13684
14029
8540
173
14547
13957
14823
10063
14074
1799
495
14677
14858
10541
2388
14714
5440
14260
9936
13944
6462
207
5844
4632
9588
4440
14460
8724
13685
15856
15148
259
4412
13878
3518
14256
8687
9837
15897
9726
10098
31
7268
8062
7802
9632
7080
3237
13541
3069
11840
8337
1778
9684
12756
7808
15992
10183
6974
12946
8192
12652
7097
8849
13812
6331
8962
922
13725
13369
15080
944
12684
13317
1443
12961
4201
10059
1879
5701
3902
7011
5225
9622
10053
5564
8896
316
9276
11374
10259
424
3244
2940
2482
1596
14002
8809
7781
5928
10518
9068
3916
11239
13175
11726
14958
3845
4376
7437
8564
3419
7276
7554
8384
5916
11529
12460
13703
1798
9833
10961
1213
17
8321
11384
13555
5751
8504
5337
6355
14120
14133
13572
10822
8736
6105
5890
8140
3807
10122
10669
644
9176
1450
24
6267
12292
791
11900
11717
10773
4884
2803
11630
1921
13029
10636
3887
1471
2419
7148
4446
8499
9663
14249
9623
1822
3514
4369
2568
4819
11024
1337
7369
10555
11259
1724
15358
7591
6978
13193
11225
8898
5246
910
3324
9142
13146
15406
15982
14449
10163
3719
6982
10634
11828
14444
3804
4100
14853
5403
13050
7842
4991
11522
8436
7112
8971
9925
12456
9056
9049
10801
6835
1042
6841
9418
12075
13627
6954
11167
9556
5998
6830
3581
14333
8352
5575
4936
11061
14291
15900
10738
2626
4137
7885
12193
11495
4822
453
6025
2393
2305
2057
10780
13720
3849
8003
4266
14813
14867
6169
10990
14638
10417
15076
209
10031
7022
509
2523
14094
6823
7047
1988
7385
1721
15060
6865
8219
11463
2336
15640
6939
8373
12400
10727
7691
7533
131
7829
10112
14060
14779
7093
10680
14736
9531
1801
3692
4546
4375
4748
12945
3459
5724
15377
7981
4120
11972
15184
12249
8365
15362
6688
7027
1044
8848
1970
8558
12365
14436
5919
14729
5941
11913
3256
8036
13483
388
385
2375
13533
2130
7224
9313
3892
14703
12142
14238
1354
9729
14041
1665
11608
11901
5559
6223
10284
3999
3382
2807
13161
8627
3224
5360
693
5207
12692
5363
14595
807
5201
14410
9826
6756
3755
4684
14696
12530
13893
13900
12185
430
7503
9196
4609
10628
656
11377
5086
804
13070
5554
2422
13173
15546
2389
11516
8054
8738
4250
4615
12944
10403
7912
4567
8482
9993
3806
4604
9840
6421
839
11253
12494
12716
15138
7793
15800
15150
12372
9897
5517
9584
9775
7739
11946
13639
14710
9797
9953
484
10718
11692
9667
11799
2645
8868
9644
12077
7085
15039
14583
13495
8397
11530
10180
1394
8447
12487
8289
1014
8408
14085
7592
6248
11425
7892
15231
14627
10547
4796
2369
5147
8818
7731
11091
11221
6078
12949
1883
5330
4575
13968
6415
4963
15790
9174
8658
15814
11534
15560
5776
9381
11378
3462
7337
13663
1737
5535
3673
13908
2234
10315
9346
2117
10291
3307
12009
9316
7066
6639
13026
11262
11641
5595
1982
15128
13727
6555
771
3893
4045
11410
3876
7516
9254
7675
15506
8751
10576
864
8340
12856
6215
3494
13106
9529
13513
4020
11170
2731
13382
15318
8159
12706
9309
8015
6845
6206
2830
193
10702
12586
3374
11795
15323
2965
8870
11250
15637
4967
9869
9834
5773
8511
1372
1065
802
13123
2639
5496
13493
7465
5911
12853
5996
9163
1160
10356
12304
4012
11159
1636
11083
7323
15633
6378
9954
5162
8403
7088
14158
11647
15618
10690
10734
3474
11674
10475
14763
11207
3007
15767
1123
2961
10985
9875
1051
13061
2094
3691
7566
12426
1969
2257
3174
11011
10498
8084
3124
4897
12934
12440
14991
4014
7291
1786
3868
15645
12974
6282
15175
5522
12788
470
12503
14372
12298
11819
7098
1843
3260
686
7279
198
333
14266
14884
12544
13895
10013
13
9517
13374
12604
14924
1928
3878
8103
998
10011
3898
2406
11033
8616
5374
1441
1889
3149
4786
12274
5880
6063
9339
11181
9353
6136
371
15133
9903
15847
3742
9996
15804
7755
5954
4968
820
4008
14267
13235
4507
8035
12228
13869
6700
5160
3674
7620
9349
4346
7141
13520
14968
8958
13938
6860
6529
11925
14359
8261
3901
14509
14951
54
2325
12827
13514
2773
7304
13337
613
15548
1601
5508
12896
11990
6243
14955
15038
14654
13499
7639
8531
15092
13140
5324
5949
5945
6257
11333
7922
12781
13292
11683
9233
4909
3316
9801
11223
10077
7696
4950
8807
14204
12669
5291
14227
11880
12010
1025
6905
7797
1963
13610
8461
9014
13835
9638
9385
1380
101
786
6023
11039
7740
8960
14605
7487
14748
489
10445
9889
5419
7968
15124
2448
1666
13114
10950
13283
12950
1886
4055
14042
9515
10260
5763
14407
13721
2835
1004
255
15071
14533
2275
6106
3506
12700
5396
5681
15694
1950
15404
15619
323
9692
912
15136
6214
13363
4798
1258
11774
4416
4007
15699
168
3782
4150
4942
11700
13163
9072
12637
1668
15602
13607
1197
2918
9643
13752
9255
2372
12798
469
5043
3424
14927
370
11329
7575
12585
5456
5150
15502
5693
2076
126
13001
5414
11503
2932
14796
14760
13503
10858
11943
6153
1803
10274
12248
14909
5888
13158
4597
8919
1890
13371
13392
3907
10496
12471
15149
4457
11757
11564
1510
7907
2754
6576
5910
6571
10005
7744
9113
12593
15020
3279
14848
5240
15372
11381
15384
1465
5749
3615
13151
4563
14153
15105
5909
3830
2328
9390
1118
12909
11550
11862
7012
7702
6076
3241
14440
12429
15623
10173
4873
9890
7946
526
13687
12388
7054
13793
7081
15345
2112
7980
3310
13989
15304
9143
9139
4350
4528
5082
11541
716
9376
13058
7833
4703
8129
4289
12105
14239
13039
13415
1693
2495
12720
11659
10533
9563
13008
11256
404
10766
874
1516
3683
15579
3398
10344
2632
11577
4987
5478
3979
9358
12451
1500
7732
4648
174
14996
493
6202
13871
3375
12550
8034
5881
5985
11526
13962
10650
5943
4105
8666
15589
1545
8894
10726
7584
7212
155
14612
13287
471
7903
13344
2755
5727
2067
14477
8409
15685
15215
14038
7365
14798
7158
4029
15279
12801
3612
11718
10749
7970
15217
1704
1483
16000
12006
3013
11661
15688
9134
9864
12805
11691
7377
1299
7906
14173
8974
5028
14693
8420
6870
8376
979
15553
12190
4907
3921
183
7301
9733
9011
2019
3431
15833
14810
8201
12688
1132
13027
15998
10673
15871
9434
9501
1554
6499
10632
8987
4513
2891
7715
4881
2691
230
12624
15516
10902
3435
9109
14241
8051
18
4445
8241
13065
5145
15604
5825
313
11906
2355
13099
13550
3693
5705
13215
7417
12819
1708
3645
11074
14549
14167
1719
10871
6059
8506
6035
14262
4512
12902
8853
13705
3603
8578
10618
14377
12625
10861
2658
11379
589
4462
6192
8518
7042
7728
1619
8123
12531
2996
4992
12108
12616
3948
11527
15141
9696
9191
8706
7288
14921
6250
3945
8561
12115
9355
14051
9026
13642
15817
11030
8251
2441
14586
4640
732
9063
384
15380
12645
9825
6022
14415
9147
6910
475
5103
1550
4214
9034
3937
6377
3151
14302
7652
12416
12730
6049
8670
11322
2701
1350
1005
12727
10248
3558
9923
11547
5815
13729
6749
2651
10105
3595
8589
14084
13615
5058
15477
6864
12282
10672
10432
5136
11068
4336
2599
6099
15643
12600
2553
9567
6676
3313
405
7190
11617
11896
4776
10956
3836
1407
8124
15878
12599
10097
3557
479
13216
399
11300
9370
4918
6344
1195
13485
13080
5467
9256
2692
106
9064
7777
2313
5430
13656
11470
8873
7253
15840
12764
12000
7240
5609
712
12083
7979
10439
14011
770
11938
724
14142
8453
10261
3643
14661
14536
6281
12679
6568
13754
1249
15036
11793
884
14957
1790
4505
13274
4801
8239
2838
1312
5188
8912
7618
4781
2703
14872
4855
5434
4000
10677
7444
13856
6854
9929
2174
1624
11544
7724
4630
11044
10404
1276
2247
7139
10811
13048
3575
15224
6373
2458
9398
273
7622
10014
15890
2314
4874
2500
14898
10186
3623
2661
4274
3015
9379
6626
10879
13934
1446
5296
150
2565
13368
7196
13734
9564
1507
9681
15777
2128
10847
195
3770
1523
15905
6381
8144
15498
6698
9314
15084
1756
9449
13107
12278
11983
11398
7535
13777
10231
10148
6601
2468
13436
12020
13988
12490
7931
2079
4529
13899
4711
7370
2439
7273
5083
11128
5351
12623
135
10359
13407
6634
14409
8096
4303
2957
6096
12493
4068
12482
7251
12504
267
6006
3661
13629
14194
278
5355
10245
9125
235
3843
13700
3084
10814
15030
14833
14780
4852
10182
10134
8392
10071
12484
8297
8588
15458
3502
13228
115
528
6924
3171
11676
12069
9716
5810
12832
465
10193
4902
13559
11853
